4294967278,132
4294967278,131
4294967278,130
4294967278,129
4294967278,128
4294967278,127
4294967278,126
4294967278,125
4294967278,124
4294967278,123
4294967278,122
4294967278,121
4294967278,120
4294967278,119
4294967278,118
4294967278,117
4294967278,116
4294967278,115
4294967278,114
4294967278,113
4294967278,112
4294967278,111
4294967278,110
4294967278,109
4294967278,108
4294967278,107
4294967278,106
4294967278,105
4294967278,104
4294967278,103
4294967278,102
4294967278,101
4294967278,100
4294967278,99
4294967278,98
4294967278,97
4294967278,96
4294967278,95
4294967278,94
4294967278,93
4294967278,92
4294967278,91
4294967278,90
4294967278,89
4294967278,87
4294967278,86
4294967278,85
4294967278,84
4294967278,83
4294967278,82
4294967278,81
4294967278,80
4294967278,79
4294967278,78
4294967278,77
4294967278,76
4294967278,75
4294967278,74
4294967278,73
4294967278,72
4294967278,71
4294967278,70
4294967278,69
4294967278,68
4294967278,67
4294967278,66
4294967278,65
4294967278,64
4294967278,63
4294967278,62
4294967278,61
4294967278,60
4294967278,59
4294967278,58
4294967278,57
4294967278,56
4294967278,55
4294967278,54
4294967278,53
4294967278,52
4294967278,51
4294967278,50
4294967278,49
4294967278,48
4294967278,47
4294967278,46
4294967278,45
4294967278,44
4294967278,43
4294967278,42
4294967278,41
4294967278,40
4294967278,39
4294967278,38
4294967279,18
4294967279,15
4294967279,12
4294967279,10
4294967279,9
4294967279,8
4294967279,7
4294967279,6
4294967279,5
4294967279,4
4294967278,325
4294967278,369
4294967279,235
4294967279,233
45,7
45,6
4294967278,230
4294967278,222
4294967279,221
4294967278,220
4294967279,217
4294967278,216
4294967279,215
4294967279,319
4294967278,212
4294967279,212
4294967278,211
4294967279,211
4294967278,210
4294967278,322
4294967279,316
4294967278,207
4294967279,207
0,5
4294967278,206
4294967278,205
4294967278,317
4294967294,5
4294967279,312
4294967278,368
4294967278,0
4294967279,203
4294967279,311
4294967278,316
4294967279,202
4294967278,201
4294967294,1419
4294967279,201
4294967278,367
4294967279,200
4294967278,199
4294967278,198
4294967279,198
4294967278,195
4294967278,197
45,5
4294967279,197
45,4
4294967278,196
45,3
45,2
45,1
4294967279,196
4294967279,194
4294967279,193
4294967294,477
4294967279,192
4294967279,191
4294967278,190
4294967279,190
43,4
43,3
43,2
43,1
4294967278,312
4294967279,189
4294967279,188
4294967279,187
4294967279,304
4294967278,366
4294967278,365
4294967279,186
42,6
4294967279,183
4294967278,364
4294967279,558
4294967279,303
42,5
4294967279,182
4294967279,181
42,4
42,3
42,2
42,1
4294967278,308
4294967279,180
4294967294,1414
4294967294,1006
4294967279,179
4294967278,176
4294967279,178
4294967278,363
4294967278,362
4294967279,177
41,5
4294967278,175
4294967279,175
41,4
4294967279,173
41,3
41,2
41,1
4294967279,299
4294967279,172
4294967278,361
4294967279,557
4294967279,168
4294967278,360
4294967279,556
40,5
4294967279,167
4294967278,166
4294967279,166
40,4
40,3
40,2
40,1
4294967278,359
4294967279,165
4294967279,164
4294967294,476
4294967278,161
4294967279,163
4294967279,297
4294967278,304
4294967278,303
4294967279,162
39,5
4294967278,160
4294967279,160
39,4
4294967279,159
39,3
39,2
39,1
4294967279,292
4294967279,158
4294967279,157
4294967279,155
4294967279,154
38,4
38,3
38,2
38,1
4294967279,153
4294967294,1417
4294967294,441
4294967294,519
4294967294,442
4294967294,426
4294967294,428
4294967294,1412
4294967294,1413
4294967294,1411
4294967294,429
4294967294,535
4294967294,423
4294967279,152
4294967294,422
4294967294,425
4294967294,69
4294967278,152
4294967294,1415
4294967294,83
4294967293,131
4294967293,130
4294967293,129
4294967293,128
4294967293,127
4294967293,126
4294967293,125
4294967293,124
4294967293,123
4294967293,122
4294967293,121
4294967293,120
4294967293,119
4294967293,118
4294967293,117
4294967293,116
4294967293,115
4294967293,114
4294967293,113
4294967293,112
4294967293,111
4294967293,110
4294967293,109
4294967293,108
4294967293,107
4294967293,106
4294967293,105
4294967293,104
4294967293,103
4294967293,102
4294967293,101
4294967293,100
4294967293,99
4294967293,98
4294967293,97
4294967293,96
4294967293,95
4294967293,94
4294967293,93
4294967293,92
4294967293,91
4294967293,90
4294967293,89
4294967293,87
4294967293,86
4294967293,85
4294967293,84
4294967293,83
4294967293,82
4294967293,81
4294967293,80
4294967293,79
4294967293,78
4294967293,77
4294967293,76
4294967293,75
4294967293,74
4294967293,73
4294967293,72
4294967293,71
4294967293,70
4294967293,69
4294967293,68
4294967293,67
4294967293,66
4294967293,65
4294967293,64
4294967293,63
4294967293,62
4294967293,61
4294967293,60
4294967293,59
4294967293,58
4294967293,57
4294967293,56
4294967293,55
4294967293,54
4294967293,53
4294967293,52
4294967293,51
4294967293,50
4294967293,49
4294967293,48
4294967293,47
4294967293,46
4294967293,45
4294967293,44
4294967293,43
